GRBID	z	logTa_best	logTa_min	logTa_max	logFa	logFa_min	logFa_max	Photonindex_plateau	Photonerror_max	Photonerror_min	Alpha_best	Alpha_min	Alpha_max	Tt	Tfinal	kplateau	dk	logTa_rescaled	logTaErr	logLumTa	logLumTaErr	Gold1	Gold2	EnergyFlux	EnergyFluxerr	phinprompt	phinprompterror	Epeak	Epeakerror	Kprompt	KPrompterror	logLpeak	logLpeakerr	Environment	Functionalform	Eiso	Eisoerror	DistanceLum	GRBID_1	Theta	ThetaErr
121128A	2.2	3.23392922	3.204133652	3.263724787	-9.618411717	-9.64710174	-9.589721693	1.9455	0.127475488	0.106800047	1.545465839	1.513020838	1.57791084	2.2	5	0.938575744	0.077502971	2.728779242	0.029795568	48.91600556	0.045925957	L-G-P	L-G	1.04e-6	2.1e-8	-0.495255	0.136096061	107.708	9.817030303	0.374054392	0.035113467	52.15321282	0.0417	ISM	CPL	52.2	0.0417	28.7314	121128A	9.8591898104533	0.12335363306075633
81221	2.26	2.931957486	2.900780835	2.963134137	-9.354590372	-9.379575872	-9.329604872	1.991	0.056	0.055	1.235861256	1.222999399	1.248723112	2.4	6	0.989420813	0.039328493	2.418739886	0.031176651	49.23122892	0.03036904	L-G-P	L-G	1.47e-6	2.46e-8	-0.786642	0.109054545	141.902	21.64121212	0.380389005	0.038129286	52.33887632	0.0441	N/A	CPL	52.3	0.0441	28.7456	81221	9.32499174100697	0.12346302110193991
140629A	2.3	2.85608	2.79447	2.91769	-9.84891	-9.8917	-9.80613	1.815	0.109658561	0.106301458	1.16056	1.12555	1.19557	2	5.2	0.801816375	0.062648469	2.33756606	0.06161	48.66416278	0.054607618	L-G-P	L-G	3.5e-7	1.87e-8	-1.35453	0.082972727	-	-	0.462716309	0.045838067	51.81825264	0.0489	S	PL	51.8182	0.0489	28.7549	140629A	10.901981831380883	0.15998177226455187
70110	2.352	4.26825	4.21425	4.32224	-11.0488	-11.1036	-10.9941	2.186	0.451559797	0.208224038	1.42725	1.3807	1.47381	2.4	6.5	1.25229471	0.302845191	3.74294599	0.053995	47.68153566	0.118440304	L-G-P	L-G	4.73e-8	6.48e-9	-1.46378	0.206030303	-	-	0.522783033	0.130280372	51.02600056	0.1235	Wind	PL	51.026	0.1235	28.7667	70110	13.832417221132923	0.5137851412291045
160227A	2.38	4.47751	4.43866	4.51636	-10.9957	-11.0263	-10.9652	1.679	0.097	0.095	1.10229	1.06795	1.13663	3.2	6.2	0.676422023	0.047930063	3.9485933	0.03885	47.47964693	0.043362434	L-G-P	L-G	4.88e-8	6.88e-9	1.99129	1.626028758	73.7237	14.236	0.234514138	0.1232319	50.70341821	0.2363	S	CPL	50.7	0.2363	28.7729	160227A	15.242634749496	1.0845834954119822
140509A	2.4	3.58709	3.52293	3.70036	-11.0977	-11.1759	-11.008	1.86	0.23	-0.21	1.40649	1.312	1.52036	2.85	5	0.842544701	0.006249003	3.055611083	0.088715	47.4818573	0.084011772	L-G-P	L-G	1.18e-7	1.77e-8	-1.49284	0.234306061	-	-	0.537594915	0.154148891	51.45715968	0.1405	Wind	PL	51.4571	0.1405	28.7774	140509A	12.15084113276727	0.5128365537698875
80310	2.4266	4.326080559	4.2880938	4.364067319	-11.39909559	-11.44156902	-11.35662216	1.878	0.139	0.064	1.595906475	1.530630124	1.661182827	3	6	0.860491657	0.065190955	3.791217148	0.037986759	47.20124797	0.053726597	L-G-P	L-G	7.52e-8	8.93e-9	-0.718262	0.813071212	43.814	16.80633333	0.754567723	0.263836736	51.41946514	0.1604	ISM	CPL	51.4	0.1604	28.7832	80310	12.289247551763971	0.5922502128401452
70529	2.4996	3.09323	3.02519	3.16128	-10.2468	-10.302	-10.1916	1.76	0.21	0.18	1.21432	1.17931	1.24933	2.2	5.8	0.740347445	0.109601257	2.549211592	0.068045	48.31948561	0.084738661	L-G-P	L-G	1.11e-7	1.84e-8	-1.4869	0.240866667	-	-	0.525852757	0.158660983	51.46473424	0.1494	S	PL	51.4647	0.1494	28.7988	70529	12.123219000243852	0.5440320424327384
80721	2.6	2.87876286	2.871208044	2.886317675	-8.713485538	-8.720504837	-8.70646624	1.735	0.018	0.018	1.334375589	1.327939916	1.340811262	2	6.1	0.712163707	0.00995165	2.322460359	0.007554816	49.87740636	0.009279027	L-G-P	L-G	1.93e-6	1.03e-7	-0.994738	0.088898485	-	-	0.275911775	0.031418923	52.46396221	0.0546	N/A	PL	52.4639	0.0546	28.8195	80721	8.981577498637952	0.14707086074404982
120811C	2.67	3.159095907	3.074895606	3.243296209	-10.14322956	-10.19617642	-10.0902827	1.65	0.40607881	0.224610774	1.016132987	0.978131997	1.054133977	2.3	6	0.63440541	0.157643465	2.594429843	0.084200301	48.42537959	0.120206651	L-G-P	L-G	2.6e-7	1.1e-8	-1.01966	0.252895455	60.0747	8.017272727	0.618820989	0.08111594	51.97322724	0.0598	S	CPL	52	0.0598	28.8335	120811C	10.406399933488231	0.18686204234626275
140206A	2.7	3.59073	3.5694	3.61205	-9.7298	-9.74279	-9.7168	1.672	0.117180416	0.073375745	1.22509	1.20954	1.24063	2.6	6.2	0.651073223	0.049187769	3.022528276	0.021325	48.86180876	0.035290123	L-G-P	L-G	1.69e-6	2.62e-8	-0.535721	0.107638182	115.633	9.167878788	0.310069686	0.027645762	52.49739817	0.0393	N/A	CPL	52.5	0.0393	28.8394	140206A	8.891952071288857	0.1048182711406443
60714	2.71	3.73449	3.68772	3.78125	-10.8586	-10.8938	-10.8234	1.87	0.15	0.14	1.20488	1.16958	1.24019	2.46	6.2	0.843298624	0.09715803	3.16511609	0.046765	47.84924226	0.06117704	L-G-P	L-G	9.13e-8	5.49e-9	-0.651006	0.467112424	80.8231	51.71736364	0.423637042	0.222552048	51.3692448	0.2296	S	CPL	51.4	0.2296	28.8413	60714	12.476117807361783	0.8610166459876499
91029	2.752	4.303689975	4.269465973	4.337913978	-11.34682089	-11.37245441	-11.32118737	2.064	0.1	0.096	1.121233681	1.094451657	1.148015706	2.8	6.3	1.088310505	0.085471504	3.729427145	0.034224002	47.48793508	0.042666318	L-G-P	L-G	1.09e-7	7.86e-9	-0.926139	0.393725758	53.1629	11.0969697	0.640799263	0.127707212	51.6419751	0.092	S	CPL	51.6	0.092	28.8494	91029	11.494623353109677	0.31776790726895976
120404A	2.88	3.79948	3.75479	3.89136	-11.0269	-11.1683	-10.9342	1.69	0.13	0.12	1.90651	1.7885	2.03127	2.6	5.2	0.656843891	0.067467579	3.210648274	0.068285	47.63621668	0.125262195	L-G-P	L-G	7.62e-8	1.09e-8	-1.83909	0.22980303	-	-	0.803990815	0.25050346	51.63287562	0.1488	Wind	PL	51.6329	0.1488	28.8732	120404A	11.526081144903742	0.5151662891123358
120118B	2.943	3.68307	3.57391	3.83744	-10.956	-11.068	-10.8336	2.01	0.26	0.25	1.0241	0.953778	1.10809	2.5	5	1.013813962	0.214956316	3.087243223	0.131765	47.91825868	0.149046951	L-G-P	L-G	1.38e-7	1.32e-8	-1.89927	0.142154545	-	-	0.870928232	0.169855192	51.9495428	0.0943	S	PL	51.9495	0.0943	28.8845	120118B	10.480645784284558	0.296545144637107
120922A	3.1	3.59799	3.54452	3.81127	-10.5957	-10.8072	-10.4799	2.17	0.24	0.23	1.06622	1.03418	1.10544	2.9	6	1.271081084	0.255434867	2.985206143	0.133375	48.43107046	0.185467777	L-G-P	L-G	1.06e-7	7.57e-9	-1.95087	0.115606061	-	-	0.933026393	0.152194002	51.91752117	0.0773	S	PL	51.9175	0.0773	28.9117	120922A	10.581874687665396	0.24567850423432352
110818A	3.36	3.846274153	3.786625737	3.905922569	-11.28292779	-11.33807684	-11.22777874	1.83	0.2	0.18	1.371677184	1.304338994	1.439015373	3.2	6	0.778551412	0.132009144	3.206787664	0.059648416	47.61483268	0.091999722	L-G-P	L-G	1.41e-7	1.5e-8	-1.10998	0.197767879	-	-	0.269677203	0.078532071	51.58604743	0.1346	Wind	PL	51.586	0.1346	28.9536	110818A	11.68934683393366	0.4726714317885478
190114A	3.37	3.74534	3.70312	3.78755	-10.7527	-10.7864	-10.7191	1.86	0.12	0.12	1.18375	1.13759	1.22991	2.6	5	0.81345325	0.087247328	3.104858563	0.042215	48.16719447	0.057463576	L-G-P	L-G	4.12e-8	9.53e-9	-1.50802	0.399853636	-	-	0.484056373	0.285442889	51.30898784	0.2751	S	PL	51.309	0.2751	28.9552	190114A	12.70411872847095	1.0506040714738585
170202A	3.645	3.77629	3.70764	3.84495	-10.6535	-10.6983	-10.6086	2.04	0.15	0.15	1.1958	1.13664	1.25495	2.4	6	1.063357819	0.148463251	3.109304282	0.068655	48.46411105	0.075419717	L-G-P	L-G	3.92e-7	1.79e-8	-0.491293	0.263834121	110.449	30.34242424	0.235227887	0.070227473	52.05593046	0.1312	S	CPL	52.1	0.1312	28.9958	170202A	10.151265063940755	0.39960227856758296
60906	3.685	4.33479	4.26264	4.40693	-11.8833	-11.9717	-11.7948	2.06	0.18	0.17	1.71887	1.54924	1.88851	2.5	6	1.097090806	0.179699508	3.664080405	0.072145	47.2591709	0.113506449	L-G-P	L-G	1.22e-7	1.18e-8	-1.99727	0.150721212	-	-	0.995792756	0.231789388	52.1858074	0.1095	ISM	PL	52.1858	0.1095	29.0015	60906	9.763230619334614	0.32064468555719733
60605	3.8	4.04162	4.00425	4.079	-11.2609	-11.3141	-11.2078	1.835	0.50798622	0.305	1.9179	1.8329	2.0029	2.31	5	0.771960708	0.298319099	3.360378763	0.037375	47.76069885	0.176045183	L-G-P	L-G	4.73e-8	6.93e-9	-0.850847	0.258882424	-	-	0.164873018	0.066952804	51.02586323	0.1875	Wind	PL	51.0258	0.1875	29.0174	60605	13.832988663488441	0.7801992546135441
140419A	3.956	3.68383	3.65941	3.70825	-10.0056	-10.0296	-9.98163	1.678	0.099	0.097	1.36898	1.35109	1.38686	3	6.2	0.597265903	0.056779607	2.988698702	0.02442	48.94609938	0.047747905	L-G-P	L-G	4.18e-7	1.28e-8	-1.03015	0.048148182	-	-	0.211751703	0.016318842	52.12236858	0.036	N/A	PL	52.1223	0.036	29.0381	140419A	9.9508686810463	0.10755259495247008
100219A	4.7	4.721899099	4.618125636	4.825672562	-12.13530676	-12.46170239	-11.80891114	1.46	0.14	0.13	3.692984743	2.962131341	4.423838146	2.9	5.2	0.390685756	0.055634346	3.966024243	0.103773463	46.80900593	0.332202984	L-G-P	L-G	3.15e-8	7.21e-9	-1.42603	0.376558182	-	-	0.368256575	0.24135049	51.41721563	0.3015	N/A	PL	51.4172	0.3015	29.1266	100219A	12.29755733078568	1.1139801036609136
160327A	4.99	3.76407	3.70374	3.8244	-11.2238	-11.2911	-11.1565	1.78	0.19	0.15	1.49693	1.39653	1.59733	2.45	5	0.674475376	0.124395963	2.986643178	0.06033	48.0187816	0.104618656	L-G-P	L-G	1.25e-7	8.77e-9	-1.56789	0.101963636	-	-	0.461387788	0.084214451	52.17530154	0.0849	Wind	PL	52.1753	0.0849	29.1572	160327A	9.79405716499229	0.2495399536998276
111008A	5	3.989933926	3.95425723	4.025610622	-10.66765993	-10.69617102	-10.63914885	1.829	0.097	0.095	1.215842875	1.188491585	1.243194166	2.5	6	0.736098845	0.076736703	3.211782676	0.035676696	48.61493265	0.053503646	L-G-P	L-G	5.41e-7	3.91e-8	-1.25893	0.111360606	-	-	0.265054665	0.052886734	52.57251191	0.0922	S	PL	52.5725	0.0922	29.1582	111008A	8.69386951170092	0.24031422478752612